639853503
532215957
833672035
763610145
139658484
883642078
792346509
574283287
948860414
278159320
730276588
696166576
167126144
693314975
426026596
374104216
520798672
646532562
492807262
618832513
407295695
491908218
572660872
750226495
478294283
645282243
928721624
811000012
239066597
574948640
598630905
626052138
982652338
732152712
152095873
408878760
564840481
954365940
415474457
265178414
973905254
679778597
397613286
375881172
341945153
599332005
586511048
610494943
267607004
267179052
740052734
955045540
755138778
331434141
868696466
362018398
537496997
702227280
934211315
356132529
627458337
683058982
317996532
646134714
481077379
971594013
670469955
337128042
313864922
